4.34
1.32489
1.32489
1.32489
1.32489
1.32489
1.32489
1.32489
1.32489
1.32489
1.32448
1.32345
1.31921
1.3119
1.30145
1.28789
1.27126
1.25169
1.22924
1.20405
1.17632
1.14624
1.0973
1.08009
1.04448
1.00767
0.950797
0.931525
0.873335
0.853928
0.815261
0.776973
0.739199
0.702053
0.665633
0.62999
0.59515
0.561182
0.528147
0.496107
0.465126
0.435258
0.406554
0.365742
0.340065
0.327702
0.30393
0.281416
0.260179
0.240217
0.221504
0.204009
0.187674
0.172438
0.15824
0.145019
0.132698
0.121231
0.110568
0.100669
0.0914978
0.0830174
0.0751897
0.0679887
0.0613729
0.0553134
0.0497876
0.0424282
0.0381015
0.0361005
0.032401
0.0275363
0.0260814
0.0233864
0.020955
0.0187629
0.0167799
0.0149892
0.0133765
0.01126
0.0100257
0.0094562
