0
-2.41086
-2.41086
-2.41086
-2.41087
-2.41114
-2.4127
-2.41603
-2.42692
-2.43956
-2.46277
-2.50235
-2.53576
-2.59535
-2.65193
-2.71259
-2.77491
-2.83639
-2.89462
-2.93745
-2.9849
-3.02464
-3.05629
-3.08013
-3.09958
-3.10801
-3.11593
-3.11938
-3.12413
-3.12824
-3.13746
-3.14629
-3.16403
-3.17874
-3.20442
-3.22813
-3.25275
-3.27229
-3.3
-3.31669
-3.33809
-3.35209
-3.3607
-3.36949
-3.37355
-3.37535
-3.3757
-3.37544
-3.37533
-3.37592
-3.3778
-3.38129
-3.38649
-3.39332
-3.40148
-3.41242
-3.42189
-3.43113
-3.43964
