0
-0.150962
-0.150962
-0.150962
-0.150962
-0.150962
-0.150963
-0.15096
-0.150954
-0.150925
-0.150852
-0.150704
-0.150446
-0.150038
-0.149063
-0.148626
-0.147567
-0.146255
-0.144691
-0.142894
-0.14089
-0.137582
-0.136423
-0.134057
-0.131666
-0.128127
-0.125847
-0.124737
-0.12258
-0.120503
-0.118488
-0.116511
-0.114542
-0.11255
-0.110505
-0.108384
-0.106172
-0.103863
-0.101465
-0.097741
-0.0964799
-0.0939539
-0.0914555
-0.0878411
-0.0866885
-0.08448
-0.0824123
-0.0804882
-0.0778497
-0.0770264
-0.0754438
-0.073167
-0.072417
-0.0701375
-0.0693562
-0.0677463
-0.0660653
-0.0643129
-0.061576
-0.0597115
-0.0587786
-0.0569332
-0.0542825
-0.0534467
-0.0518667
-0.0504236
-0.0491253
