0
0.977952
0.977952
0.977952
0.978058
0.97832
0.97939
0.981228
0.983842
0.987213
0.993638
0.996129
1.0016
1.00768
1.01432
1.02518
1.02902
1.03695
1.04519
1.0537
1.06687
1.07137
1.08049
1.09444
1.09915
1.10859
1.11806
1.12753
1.14172
1.14644
1.16055
1.1699
1.17456
1.18843
1.19757
1.2066
1.21108
1.22432
1.22868
1.23733
1.24586
1.25428
1.2667
1.27078
1.28278
1.2867
1.29825
1.30203
1.30948
1.32037
1.32393
1.33091
1.33772
1.34435
1.35394
1.3601
1.3661
1.36902
1.37474
1.38299
1.38827
1.39084
1.39829
1.40303
1.40533
1.40981
1.41412
1.41827
