1
10.9603
10.9603
10.9603
10.9603
10.9603
10.9602
10.96
10.9564
10.9564
10.9468
10.9351
10.9172
10.8908
10.8292
10.8013
10.7319
10.6427
10.469
10.4003
10.1612
10.0703
9.87212
9.6524
9.41118
9.01267
8.87108
8.57687
8.11379
7.95502
7.63268
7.30586
6.97641
6.64584
6.31515
5.98534
5.65722
5.33159
5.00944
4.69185
4.37999
4.07511
3.77851
3.35204
3.08185
2.95141
2.70053
2.46352
2.24082
2.03257
1.83869
1.65898
1.49305
1.34028
1.20001
1.07147
0.953886
0.796337
0.748499
0.659373
0.578548
0.505597
0.44016
0.355357
0.330483
0.285544
0.246672
0.213427
0.185323
0.16185
0.134192
0.126732
0.108775
0.104072
0.093096
0.0879275
0.0858686
0.081397
0.0795561
0.0789048
0.0780279
0.0775892
0.0774437
0.0774504
0.0774952
0.0774696
0.0772871
0.0765779
0.0762049
0.0757582
0.073957
0.0723815
0.0705117
0.0683721
0.066009
0.0634587
0.0607604
0.0579545
0.055074
0.052149
0.0491941
0.04623
0.0432729
0.0403459
0.0374771
0.0346932
0.032019
0.029474
0.0259358
0.0248372
0.0227659
0.0199891
0.0191496
0.0175971
0.0162089
0.0149755
0.0138836
0.0129142
0.0120519
0.0112831
0.0105909
0.00996952
