0
1.0019
1.0019
1.0019
1.0019
1.0019
1.0019
1.0019
1.0019
1.0019
1.00188
1.00184
1.00176
1.00163
1.00136
1.00123
1.00089
1.0004
0.999289
0.998803
0.996932
0.996146
0.994287
0.991989
0.989149
0.983688
0.981501
0.976522
0.96746
0.96399
0.956336
0.947704
0.938057
0.927358
0.915541
0.902587
0.88847
0.873194
0.856796
0.839328
0.820846
0.801419
0.781127
0.74924
0.727172
0.715937
0.693129
0.669982
0.646633
0.623214
0.599851
0.576665
0.553775
0.531291
0.509321
0.487961
0.467292
0.437719
0.428271
0.410016
0.392646
0.376199
0.360724
0.339414
0.332835
0.32047
0.309156
0.298883
0.289616
0.281307
0.270511
0.267325
0.258884
0.256408
0.249841
0.246077
0.244346
0.239623
0.236764
0.235391
0.232715
0.230075
0.227408
0.22466
0.22178
0.218726
0.215464
0.210118
0.208205
0.206224
0.199856
0.195254
0.190364
0.185192
0.179754
0.174067
0.168152
0.162038
0.155755
0.149337
0.14282
0.136242
0.129643
0.123063
0.116542
0.110116
0.103822
0.0976931
0.0888793
0.0860568
0.0806046
0.0729458
0.0705409
0.0659636
0.0617036
0.0577667
0.0541558
0.0508723
0.0479129
0.0452704
0.0429368
0.0408973
