0
2.99999
2.99999
2.99999
2.99999
2.99999
2.99999
2.99999
2.99996
2.99996
2.99964
2.99898
2.99763
2.99518
2.98844
2.98514
2.97657
2.96513
2.94226
2.93309
2.90083
2.88843
2.86107
2.83027
2.79581
2.73737
2.71614
2.67127
2.59856
2.57304
2.52027
2.46543
2.40873
2.35034
2.29032
2.22877
2.16573
2.10127
2.03548
1.96848
1.90041
1.83146
1.76184
1.65671
1.58658
1.55161
1.48209
1.41337
1.34569
1.27925
1.2142
1.15068
1.08878
1.0285
0.969843
0.912742
0.857116
0.776213
0.749878
0.698101
0.647486
0.598047
0.549861
0.480186
0.457735
0.414105
0.372293
0.332444
0.294652
0.258971
0.209423
0.193954
0.150589
0.137102
0.0993299
0.0762435
0.0652797
0.0345409
0.0157389
0.00682422
-0.0100389
-0.0256119
-0.0398722
-0.0527744
-0.0642858
-0.0743713
-0.0830177
-0.0933235
-0.0960718
-0.0984912
-0.10389
-0.106084
-0.107294
-0.107652
-0.107295
-0.106339
-0.104883
-0.103004
-0.100755
-0.0981635
-0.0952344
-0.0919582
-0.0883173
-0.0842987
-0.0799018
-0.0751411
-0.0700483
-0.0646741
-0.0562389
-0.0533692
-0.0476115
-0.0390985
-0.036337
-0.0309826
-0.0258977
-0.0211175
-0.0166562
-0.0125078
-0.008647
-0.00503395
-0.00161994
0.00164732
