0
1.97801
1.97801
1.97801
1.97801
1.97801
1.97801
1.97787
1.97613
1.97613
1.97219
1.96828
1.96329
1.95732
1.94642
1.9422
1.93283
1.92192
1.90199
1.89424
1.86745
1.85733
1.83533
1.81112
1.78499
1.74286
1.72822
1.69828
1.65215
1.63656
1.60526
1.57391
1.54266
1.51163
1.48102
1.45086
1.42123
1.39215
1.36354
1.33537
1.30762
1.28031
1.25349
1.21447
1.18933
1.17706
1.15327
1.13049
1.10866
1.08773
1.06767
1.04859
1.03061
1.01373
0.998045
0.983608
0.970402
0.952745
0.947405
0.937436
0.928307
0.919937
0.9123
0.902142
0.899088
0.893412
0.888231
0.883481
0.879063
0.8749
0.869013
0.867143
0.861882
0.860248
0.855747
0.853165
0.852005
0.849054
0.847516
0.846868
0.845822
0.845085
0.844631
0.844458
0.844513
0.844767
0.845176
0.84599
0.846293
0.846607
0.847615
0.84833
0.849131
0.850044
0.851053
0.852177
0.853423
0.854781
0.856254
0.857833
0.859547
0.861393
0.863378
0.865482
0.867672
0.869917
0.872198
0.874512
0.878043
0.879239
0.88167
0.885373
0.886628
0.889158
0.891691
0.894205
0.896688
0.899155
0.901606
0.90404
0.906487
0.908927
