366.576
366.581
366.27
365.985
365.747
365.747
365.522
365.522
365.677
366.896
366.896
369.693
373.556
373.556
377.283
379.982
379.982
381.318
381.033
381.033
378.691
374.688
374.688
369.932
365.496
365.496
361.571
357.893
357.893
354.025
354.025
354.025
348.936
340.66
340.66
335.195
329.357
329.357
323.574
318.17
318.17
313.098
308.168
308.168
303.381
298.963
298.963
294.72
294.72
288.672
288.672
284.089
279.5
274.936
274.936
270.563
266.671
266.671
263.14
259.601
259.601
255.994
252.553
252.553
249.194
245.745
245.745
242.489
239.442
239.442
236.405
236.405
233.255
229.914
226.369
226.369
222.816
219.394
219.394
216.109
212.916
212.916
210.169
207.653
207.653
204.98
201.862
201.862
198.612
195.448
195.448
192.526
189.657
189.657
186.817
183.941
183.941
181.217
178.444
178.444
175.674
172.716
172.716
169.387
166.094
166.094
163.223
160.811
160.811
158.472
158.472
156.292
153.973
151.35
151.35
148.517
145.511
145.511
142.625
139.914
139.914
137.319
134.889
134.889
132.535
132.535
130.203
127.908
125.463
125.463
123.055
120.698
120.698
118.347
116.141
116.141
113.996
112.021
112.021
109.915
107.854
107.854
105.699
105.699
102.985
100.809
98.5419
98.5419
96.3919
96.3919
94.3975
92.4471
92.4471
90.4868
88.6233
88.6233
86.8114
84.9963
84.9963
83.3209
81.5496
79.8569
79.8569
78.0701
78.0701
76.3108
74.5541
74.5541
72.8754
71.3284
71.3284
69.7631
68.2719
68.2719
66.7179
65.2741
65.2741
63.8845
62.5126
62.5126
61.2654
59.908
59.908
58.676
57.4592
57.4592
56.1394
54.8757
54.8757
53.6645
