2.04502
2.04502
2.0452
2.04558
2.0459
2.0459
2.04581
2.04345
2.04345
2.04783
2.03455
2.03455
2.036
2.036
2.0264
2.01172
2.01172
2.00571
1.9896
1.9896
1.97906
1.97567
1.97567
1.9681
1.9681
1.96152
1.95989
1.94466
1.94466
1.93727
1.93727
1.92328
1.92328
1.91702
1.90325
1.89579
1.89579
1.88965
1.88965
1.88225
1.88225
1.87253
1.87253
1.86442
1.85456
1.85087
1.85087
1.84878
1.83816
1.83568
1.83568
1.8297
1.82101
1.82101
1.82244
1.81196
1.81196
1.80761
1.79754
1.79754
1.79225
1.79083
1.79083
1.78737
1.78001
1.78001
1.77437
1.77273
1.77273
1.77069
1.76834
1.76834
1.76623
1.76623
1.75683
1.75572
1.75572
1.74809
1.74809
1.74051
1.73733
1.73733
1.73409
1.73174
1.72179
1.72502
1.72502
1.71992
1.71973
1.71973
1.71775
1.71149
1.70984
1.70984
1.70376
1.69823
1.69654
1.69654
1.69722
1.69722
1.6869
1.6869
1.68597
1.68507
1.67736
1.67736
1.67701
1.67701
1.67267
1.67339
1.67084
1.67084
1.66437
1.66437
1.65952
1.6548
1.6548
1.65263
1.64998
1.64546
1.64546
1.64718
1.63982
1.63574
1.63574
1.63673
1.63582
1.63582
1.63187
1.63187
1.63042
1.6265
1.62315
1.62315
1.62257
1.62257
1.61928
1.61387
1.61387
1.611
1.60463
1.60463
1.60383
1.59909
1.59596
1.59416
1.59298
1.59298
1.59043
1.58759
1.58759
1.58547
1.58452
1.58452
1.58137
1.57833
1.57833
1.57627
1.57671
1.57671
1.57425
1.57001
1.57001
1.5679
1.5679
1.56512
1.55718
1.5525
1.55195
1.55195
1.55246
1.54681
1.54681
1.54229
1.53929
1.53929
1.53738
1.53556
1.53412
1.53412
1.53513
1.53054
1.53054
1.52696
1.52596
1.52596
1.52296
1.52296
1.5185
1.5185
1.51071
1.50855
1.50855
1.50975
1.50489
1.50489
1.50357
1.50048
1.50048
1.49896
1.49381
1.49381
1.49294
1.48991
1.48991
1.48863
1.4857
1.4857
1.4858
1.48021
1.48021
1.47394
1.46927
1.46927
1.46924
1.46418
1.46418
1.46052
1.45928
1.45928
1.45659
1.45334
1.45334
1.4517
1.44748
1.44748
1.44666
1.44165
1.44165
1.44096
1.43853
1.43853
1.43458
1.43344
1.43344
1.42916
1.4264
1.4264
1.41894
1.41834
1.41834
1.41504
1.41219
1.41219
1.41164
1.41164
1.4078
1.40422
1.40337
1.40337
1.40146
1.3976
1.3976
1.39333
1.39333
1.39103
1.3888
1.3888
1.38507
1.38367
1.37873
1.37873
1.37721
1.37721
1.37347
1.37347
1.37287
1.36462
1.36462
1.36367
1.35894
1.35894
1.35676
1.35279
1.35279
1.35057
1.34843
1.34843
1.3438
1.34132
1.34132
1.33981
1.33981
1.33576
1.33576
1.33102
1.33102
1.32951
1.32951
1.32696
1.32162
1.32162
1.31918
1.31482
1.31482
1.31373
1.30949
1.30949
1.30869
1.30869
1.30475
1.29685
1.29685
1.29509
1.29139
1.28849
1.28849
1.28635
1.28511
1.28511
1.28252
1.27491
1.27491
1.27402
1.27402
1.26945
1.26902
1.26902
1.26789
1.2619
1.2619
1.26033
1.25862
1.25691
1.25691
1.25455
1.25455
1.25127
1.24914
1.24548
1.24548
1.24431
1.24431
1.23899
1.23615
1.2344
1.2344
1.23112
1.22736
1.22736
1.22677
1.22126
1.22126
1.21892
1.21583
1.21583
1.21449
1.20681
1.20681
1.20639
1.20189
1.20189
1.2001
1.19638
1.19638
1.19497
1.18826
1.18826
1.1874
1.18441
1.18441
1.18205
1.17918
1.17918
1.17734
1.17337
1.17337
1.17161
1.16503
1.16503
1.16388
1.16323
1.16323
1.15663
1.15527
1.15527
1.15465
1.15256
1.15256
1.14994
1.14994
1.14994
1.14452
1.13838
1.13838
1.13825
1.13262
1.13262
1.13204
1.13204
1.13204
1.12521
1.12052
1.12052
1.11916
1.11916
1.11916
1.11278
1.11278
1.1051
1.1051
1.10085
1.10085
1.09933
1.09933
1.09933
1.09125
1.08788
1.08741
1.08741
1.08667
1.08667
1.07937
1.07937
1.07842
1.07205
1.07205
1.07047
1.07047
1.06881
1.06881
1.06551
1.06137
1.06137
1.05659
1.05582
1.05582
1.05214
1.04829
1.04829
1.04775
1.04381
1.04381
1.0399
1.03851
1.03851
1.03508
1.03106
1.03106
1.0304
1.02664
1.02664
1.02625
1.02386
1.02386
1.01856
1.01773
1.01773
1.01134
1.01003
1.01003
1.00972
1.00476
1.00476
1.00273
1.001
1.001
0.996533
0.995522
0.995522
0.9921
0.991662
0.991662
0.990204
0.985343
0.985343
0.983954
0.982833
0.982833
0.97828
0.977073
0.977073
0.976858
0.976858
0.969136
0.969136
0.964009
0.964009
0.962667
0.962667
0.962667
0.957586
0.953334
0.951146
0.948159
0.947166
0.943367
0.943367
0.941564
0.939105
0.939105
0.938839
0.938839
0.935619
0.932259
0.932259
0.931492
0.925669
0.925669
0.925432
0.923193
0.921894
0.921894
0.918438
0.918438
0.914304
0.913202
0.913202
0.911838
0.905586
0.905586
0.905432
0.900117
0.900117
0.898546
0.897381
0.897381
0.895164
0.892662
0.892662
0.889522
0.885439
0.885439
0.884592
0.880057
0.880057
0.87822
0.877917
0.875545
0.875545
0.868924
0.868924
0.866378
0.866378
0.866378
0.863176
0.860025
0.860025
0.856762
0.854885
0.854243
0.854243
0.852242
0.852242
0.850838
0.846053
0.846053
0.844584
0.839154
0.839154
0.838852
0.838852
0.83584
0.83137
0.830206
0.830206
0.825422
0.824991
0.824991
0.824517
0.824517
0.820595
0.816758
0.816758
0.812811
0.811048
0.811048
0.81074
0.80565
0.80565
0.804693
0.801885
0.800202
0.800202
0.799017
0.798016
0.793927
0.793927
0.792459
0.788721
0.788721
0.787729
0.785112
0.784652
0.784652
0.780346
0.773798
0.773798
0.772547
0.770446
0.770446
0.768994
0.768387
0.764826
0.764826
0.761372
0.761372
0.760654
0.758362
0.754987
0.754987
0.752924
0.752228
0.752228
0.749949
0.749949
0.749083
0.74432
0.739849
0.737637
0.737637
0.736969
0.736969
0.735292
0.73331
0.729229
0.729229
0.725176
0.722389
0.722389
0.721767
0.721767
0.71786
0.714199
0.713771
0.713771
0.713029
0.710457
0.708683
0.708683
0.704691
0.704691
0.701107
0.701107
0.699755
0.699755
0.699105
0.69487
0.690241
0.690241
0.68973
0.68848
0.68848
0.686045
0.681995
0.681995
0.678233
0.676527
0.674724
0.674161
0.674161
0.67379
0.67379
0.669485
0.666584
0.666584
0.665728
0.665728
0.664053
0.663049
0.663049
0.66004
0.656177
0.656177
0.655261
0.654259
0.654259
0.653855
0.64671
0.646079
0.646079
0.645976
0.645976
0.645299
0.645299
0.645299
0.639305
0.634852
0.634852
0.632643
0.6321
0.6321
0.631758
0.6305
0.6305
0.626429
0.623623
0.623623
0.622707
0.622707
0.620162
0.620162
0.615007
0.613643
0.612516
0.612516
0.612287
0.611593
0.60446
0.60446
0.603547
0.603547
0.603037
0.601915
0.601915
0.599362
0.596074
0.590828
0.590828
0.590467
0.588757
0.588757
0.588489
0.587102
0.587102
0.583527
0.57974
0.57974
0.578547
0.578111
0.578111
0.576682
0.576682
0.57136
0.571248
0.571248
0.570472
0.570472
0.569153
0.562739
0.562329
0.562329
0.560179
0.559377
0.559391
0.559391
0.551793
0.551793
0.550935
0.550516
0.550487
0.550487
0.549655
0.545006
0.545006
0.542075
0.541272
0.541272
0.540847
0.540048
0.540048
0.538765
0.534006
0.534006
0.533134
0.533134
0.532456
0.532456
0.531665
0.527525
0.527525
0.523486
0.523486
0.522366
0.521885
0.521502
0.521502
0.514595
0.514595
0.513601
0.513181
0.512422
0.512126
0.512126
0.505792
0.504912
0.504912
0.503951
0.503951
0.503336
0.503336
0.502654
0.497096
0.496229
0.495677
0.495677
0.49451
0.493861
0.493861
0.493274
0.486544
0.486544
0.486019
0.485272
0.485272
0.484515
0.483745
0.483745
0.480849
0.476924
0.476924
0.476894
0.476894
0.477048
0.471326
0.471326
0.471085
0.47122
0.47122
0.470737
0.470621
0.470621
0.464858
0.464164
0.463703
0.46393
0.46393
0.463217
0.462317
0.462317
0.461368
0.461368
0.454626
0.45395
0.4533
0.4533
0.452911
0.452911
0.452277
0.449012
0.44594
0.44594
0.445831
0.445143
0.445143
0.444821
0.439976
0.439976
0.4392
0.438937
0.438454
0.438454
0.43774
0.436748
0.436748
0.43684
0.430373
0.430373
0.429808
0.428856
0.428856
0.428378
0.428156
0.428156
0.427966
0.42187
0.42187
0.421889
0.422069
0.422069
0.421822
0.41543
0.41543
0.415189
0.414944
0.414944
0.414879
0.414229
0.414229
0.413893
0.407844
0.407844
0.407395
0.407128
0.407128
0.406557
0.405892
0.405892
0.405797
0.401148
0.401148
0.400913
0.400788
0.400788
0.400969
0.400617
0.400617
0.395161
0.394865
0.394865
0.394396
0.394126
0.394126
0.394084
0.393142
0.393142
0.38702
0.387244
0.387244
0.386699
0.386223
0.386223
0.386109
0.381155
0.381155
0.380832
0.380771
0.380771
0.380771
0.380545
0.38019
0.38019
0.375553
0.375001
0.375001
0.375427
0.375103
0.375103
0.375111
0.375111
0.375243
0.369446
0.369446
0.369446
0.369612
0.369612
0.369052
0.368777
0.368777
0.362482
0.362473
0.362463
0.362463
0.362644
0.362754
0.362754
0.362354
0.357357
0.357411
0.357411
0.3573
0.3573
0.35728
0.357046
0.356969
0.351894
0.351894
0.352173
0.352173
0.351755
0.351755
0.352168
0.352168
0.352168
0.351689
0.348874
0.3461
0.346485
0.34666
0.34666
0.346516
0.346516
0.346607
0.344162
0.344162
0.340958
0.340611
0.340611
0.341438
0.341438
0.341037
0.341037
0.340926
0.335488
0.335488
0.335101
0.335101
0.334975
0.33548
0.33548
0.335075
0.335368
0.335368
0.335265
0.335265
0.331165
0.330856
0.330856
0.331087
0.331191
0.331602
0.331602
0.326306
0.327054
0.326773
0.326773
0.326334
0.326163
0.326163
0.326014
0.325745
0.325745
0.326372
0.320307
0.320307
0.320981
0.320981
0.320887
0.321331
0.321331
0.320853
0.320729
0.320729
0.320545
0.320545
0.316612
0.3163
0.3163
0.316793
0.316793
0.317133
0.317133
0.317489
0.317572
0.313119
0.313119
0.312852
0.312852
0.313164
0.312891
0.313499
0.313499
0.313471
0.313471
0.313115
0.310711
0.310711
0.308027
0.30832
0.30832
0.308463
0.308855
0.308855
0.308545
0.309085
0.308667
0.308667
0.308631
0.303114
0.303114
0.303516
0.303516
0.304058
0.304341
0.304341
0.304369
0.305213
0.305213
0.3003
0.300911
0.300911
0.300938
0.30099
0.30099
0.300636
0.300703
0.300703
0.301414
0.300978
0.300978
0.301526
0.301478
0.29764
0.29764
0.297632
0.297632
0.297923
0.297471
0.297841
0.297841
0.297589
0.297876
0.297876
0.297727
0.29361
0.293925
0.293925
0.29375
0.29375
0.295121
0.295132
0.295132
0.295584
0.295584
0.295092
0.292468
0.292468
0.289806
0.289853
0.289853
0.289755
0.289625
0.289625
0.290187
0.290479
0.290479
0.291259
0.291492
0.287948
0.287948
0.287902
0.288233
0.288233
0.288311
0.288311
0.288419
0.28811
0.28827
0.28827
0.288199
0.285045
0.285045
0.28519
0.286144
0.286144
0.285998
0.28658
0.28658
0.286878
0.287236
0.287236
0.287103
0.287033
0.287033
0.282902
0.282902
0.283003
0.283003
0.282885
0.28427
0.284324
0.284324
0.284426
0.285086
0.285087
0.285087
0.282036
0.279837
0.279837
0.280395
0.280395
0.280322
0.280935
0.280935
0.281132
0.280595
0.280693
0.280693
0.280545
0.281556
0.281556
0.281597
0.281597
0.277978
0.277978
0.277973
0.278451
0.277946
0.278265
0.278265
0.277734
0.278231
0.278266
0.278266
0.277983
0.277129
0.277129
0.275124
0.275124
0.275599
0.276639
0.276639
0.276832
0.276832
0.276786
0.276621
0.276621
0.277149
0.276586
0.276586
0.276893
0.274768
0.274768
0.272517
0.272369
0.272852
0.272852
0.272576
0.272576
0.272984
0.273435
0.273435
0.273866
0.274099
0.274099
0.274788
0.270095
0.270095
0.269888
0.271407
0.271233
0.271233
0.272123
0.272123
0.271899
0.272192
0.272192
0.272403
0.272246
0.272246
0.272288
0.270525
0.268211
0.268211
0.269995
0.270011
0.270011
0.271149
0.271041
0.271041
0.271063
0.270803
0.270803
0.271027
0.270855
0.270763
0.270763
0.270511
0.268809
0.268809
0.267159
0.267345
0.267345
0.267361
0.267586
0.267586
0.267481
0.268743
0.268743
0.268393
0.269597
0.269597
0.269296
0.270599
0.270599
0.270459
0.271168
0.271168
0.271493
0.267188
0.267188
0.267405
0.267429
0.267429
0.267176
0.267201
0.267201
0.267199
0.267189
0.267189
0.266691
0.266882
0.266882
0.266854
0.267995
0.26776
0.26776
0.268574
0.268632
0.268632
0.268667
0.263572
0.263572
0.264123
0.264721
0.264721
0.264305
0.264334
0.264334
0.264432
0.264291
0.264291
0.26441
0.264236
0.264236
0.264424
0.264618
0.264618
0.264365
0.264607
0.264607
0.260884
0.261975
0.261975
0.261893
0.261893
0.26306
0.26306
0.262966
0.262801
0.263618
0.263618
0.263598
0.263598
0.263733
0.263736
0.263736
0.26372
0.263844
0.262358
0.262358
0.260831
0.260831
0.261932
0.262822
0.262967
0.262967
0.263188
0.263151
0.263151
0.263431
0.26313
0.263215
0.263215
0.263215
0.263498
0.263636
0.265311
0.265311
0.266761
0.266761
0.266344
0.266344
0.262794
0.262975
0.262975
0.263085
0.26281
0.263155
0.263352
0.263352
0.262999
0.26346
0.26346
0.263453
0.263543
0.263543
0.26341
0.263225
0.263225
0.263048
0.263564
0.263564
0.263578
0.263578
0.263201
0.263201
0.263443
0.263213
0.263213
0.259286
0.259286
0.259056
0.259056
0.259254
0.259254
0.259342
0.259342
0.260898
0.260898
0.261352
0.261361
0.261361
0.261211
0.261153
0.261153
0.260898
0.260877
0.261019
0.261019
0.260726
0.260821
0.260575
0.260575
0.260635
0.260342
0.260342
0.260283
0.260561
0.260561
0.26114
0.260994
0.261167
0.261167
0.261116
0.261083
0.261083
0.260891
0.260833
0.260833
0.259337
0.257398
0.257398
0.257195
0.257438
0.257438
0.25715
0.25715
0.257506
0.257921
0.257921
0.25803
0.258124
0.258124
0.257992
0.258013
0.258013
0.259294
0.259587
0.259587
0.259608
0.259725
0.259725
0.259891
0.259836
0.259836
0.259916
0.259607
0.259607
0.25955
0.259685
0.259733
0.259733
0.259533
0.259533
0.259358
0.259532
0.259532
0.259553
0.25966
0.25966
0.256371
0.256511
0.256511
0.256507
0.258576
0.258576
0.258779
0.258379
0.258506
0.258506
0.258762
0.258762
0.258333
0.258598
0.258598
0.258581
0.258581
0.2587
0.258733
0.258567
0.258567
0.258386
0.259042
0.259042
0.258626
0.258663
0.258663
0.258515
0.258836
0.258676
0.258676
0.258627
0.258627
0.258446
0.258446
0.25893
0.255419
0.255419
0.256397
0.256688
0.257546
0.257546
0.257727
0.257856
0.257765
0.257765
0.257653
0.257893
0.257893
0.258151
0.257528
0.257528
0.257893
0.257853
0.257853
0.258165
0.257936
0.257936
0.258081
0.257581
0.257581
0.257973
0.257772
