5.69
1.21572
1.21572
1.21572
1.21572
1.2157
1.21555
1.21496
1.21462
1.21361
1.21197
1.20943
1.20569
1.20044
1.19341
1.18438
1.16658
1.15944
1.14326
1.12454
1.10327
1.07954
1.05345
1.02517
0.994891
0.962818
0.929159
0.894129
0.857967
0.802139
0.783241
0.745216
0.707119
0.65045
0.631822
0.577175
0.559471
0.524997
0.475985
0.460446
0.430662
0.389367
0.376528
0.35225
0.329822
0.309203
0.290329
0.273119
0.257484
0.243325
0.230543
0.219041
0.203979
0.199497
0.191273
0.183964
0.177484
0.16913
0.166666
0.160083
0.158121
0.15278
0.149564
0.148029
0.145057
0.142152
0.139249
0.136287
0.133221
0.128347
0.126637
0.121229
0.119332
0.115401
0.109185
0.107038
0.102652
0.0981685
0.0936182
0.089034
0.0844496
0.0776419
0.0754069
0.0710105
0.0667341
0.0626027
0.0586373
0.0548576
0.0512785
0.047912
0.043279
0.0404738
0.0391563
0.0355398
0.0344439
0.0314707
0.0305804
0.0289422
0.0268172
0.0261908
0.024533
0.0240484
0.0227748
0.0224048
0.021437
0.0211566
0.0206508
0.0202087
0.0196416
0.0194728
0.0190094
0.0187235
0.018584
0.0181658
0.0180229
0.0175705
0.0174091
0.0168842
0.0166939
0.0160727
0.0158483
0.0151235
0.0148653
0.0140457
0.013759
0.0131689
0.0125606
0.01194
0.0113128
0.0106849
0.0100622
0.00945022
