1.92942
1.92944
1.93057
1.93166
1.93284
1.93284
1.93387
1.93387
1.93503
1.93688
1.93688
1.93862
1.94077
1.94077
1.944
1.94698
1.94698
1.95035
1.95347
1.95347
1.95704
1.96093
1.96093
1.96569
1.9702
1.9702
1.97493
1.9799
1.9799
1.98536
1.98536
1.98536
1.9919
2.00163
2.00163
2.00752
2.01326
2.01326
2.01905
2.02475
2.02475
2.03043
2.03589
2.03589
2.04165
2.04695
2.04695
2.05252
2.05252
2.06006
2.06006
2.06556
2.07084
2.07549
2.07549
2.08057
2.08548
2.08548
2.09028
2.09466
2.09466
2.09944
2.1041
2.1041
2.10851
2.11352
2.11352
2.11774
2.12195
2.12195
2.12621
2.12621
2.13046
2.13468
2.13892
2.13892
2.14312
2.14721
2.14721
2.15123
2.15557
2.15557
2.15948
2.16335
2.16335
2.16701
2.17115
2.17115
2.17491
2.17855
2.17855
2.18217
2.18588
2.18588
2.1895
2.19323
2.19323
2.19678
2.20027
2.20027
2.20375
2.20739
2.20739
2.21075
2.21414
2.21414
2.21735
2.22054
2.22054
2.22376
2.22376
2.22719
2.23032
2.23356
2.23356
2.23663
2.23972
2.23972
2.24272
2.2456
2.2456
2.24873
2.25167
2.25167
2.25439
2.25439
2.25735
2.26007
2.2628
2.2628
2.26571
2.26838
2.26838
2.27108
2.27359
2.27359
2.27616
2.27855
2.27855
2.28128
2.28357
2.28357
2.28609
2.28609
2.28911
2.29141
2.29374
2.29374
2.29593
2.29593
2.29805
2.30016
2.30016
2.30229
2.30424
2.30424
2.30624
2.30841
2.30841
2.31028
2.31222
2.31397
2.31397
2.31596
2.31596
2.31762
2.3195
2.3195
2.3212
2.32296
2.32296
2.32452
2.32613
2.32613
2.32787
2.32945
2.32945
2.33097
2.3324
2.3324
2.33384
2.3354
2.3354
2.3367
2.33807
2.33807
2.33958
2.34084
2.34084
2.34206
