0
0
-1.09774
-0.257149
-0.251699
-0.249268
-0.253098
-0.253098
-0.2589
-0.2589
-0.263558
-0.263558
-0.262898
-0.254486
-0.251943
-0.251943
-0.25536
-0.265032
-0.272816
-0.269954
-0.269954
-0.263326
-0.258168
-0.253198
-0.249762
-0.244709
-0.244709
-0.239345
-0.235038
-0.235038
-0.235038
-0.234968
-0.233409
-0.234094
-0.234094
-0.229473
-0.224686
-0.224686
-0.223377
-0.217792
-0.217792
-0.21282
-0.207396
-0.207396
-0.208581
-0.205514
-0.205514
-0.203662
-0.199804
-0.199804
-0.195713
-0.190735
-0.190735
-0.186687
-0.185514
-0.190861
-0.194228
-0.194228
-0.190841
-0.184191
-0.179441
-0.17408
-0.17408
-0.170674
-0.166461
-0.166461
-0.164133
-0.160708
-0.160708
-0.161349
-0.15989
-0.15989
-0.157288
-0.154203
-0.154203
-0.151681
-0.145425
-0.145425
-0.144293
-0.144614
-0.144614
-0.144987
-0.144306
-0.144306
-0.143564
-0.142156
-0.142156
-0.138338
-0.134019
-0.134019
-0.12978
-0.12705
-0.12705
-0.126304
-0.123992
-0.123992
-0.123772
-0.123772
-0.122602
-0.122041
-0.120401
-0.120401
-0.117558
-0.117558
-0.115428
-0.114658
-0.114658
-0.112761
-0.109992
-0.109992
-0.108854
-0.106907
-0.106907
-0.10785
-0.106092
-0.106092
-0.10501
-0.102014
-0.0986408
-0.0986408
-0.0967534
-0.0967534
-0.0955071
-0.094093
-0.094093
-0.0930211
-0.0920957
-0.0920957
-0.0919634
-0.0904459
-0.0882992
-0.0856116
-0.0856116
-0.0852971
-0.0845065
-0.0834345
-0.0825692
-0.0825692
-0.0822172
-0.0821658
-0.0808273
-0.0808273
-0.0796821
-0.0796821
-0.0768764
-0.0768764
-0.074928
-0.0748467
-0.0748467
-0.0728711
-0.0728711
-0.0734873
-0.0734476
-0.0741235
-0.0741235
-0.0725512
-0.0725512
-0.0711821
-0.0699169
-0.0699169
-0.068866
-0.0680955
-0.067304
-0.0657536
-0.0647021
-0.0637409
-0.0637409
-0.0637409
-0.0642189
-0.064919
-0.0637294
-0.0637294
-0.0631853
-0.0629199
-0.0625056
-0.0625056
-0.0625056
-0.0607115
-0.058035
-0.058035
-0.0571279
-0.0570595
-0.0566876
-0.0561018
-0.0549108
-0.0531174
-0.0531174
-0.0531174
-0.0528225
-0.0528225
-0.0528225
-0.0515381
-0.0515381
-0.0507896
-0.0507896
-0.0503874
-0.0493335
-0.0476732
-0.0476732
-0.0466414
-0.0466414
-0.0466856
-0.0466856
-0.0470028
-0.0462385
-0.0449716
-0.0449716
-0.0440659
-0.0427871
-0.0431184
-0.0431184
-0.0431184
-0.0430535
-0.0421959
-0.0419509
-0.0412931
-0.0412931
-0.0407357
-0.0401439
-0.0401439
-0.0401439
-0.0398192
-0.0398192
-0.0398192
-0.0391719
-0.0391719
-0.0391719
-0.0374346
-0.0374346
-0.0363455
-0.0356156
-0.0356156
-0.0356156
-0.0353065
-0.0353934
-0.0353934
-0.034883
-0.0344405
-0.0341655
-0.0341655
-0.0335622
-0.0327689
-0.0327689
-0.0323008
-0.0323008
-0.031834
-0.032014
-0.032014
-0.032014
-0.031253
-0.0298674
-0.028758
-0.0273961
-0.0273961
-0.0273961
-0.0279763
-0.0278405
-0.0278212
-0.0282145
-0.0282145
-0.0282145
-0.0270386
-0.0270386
-0.0248943
-0.0248943
-0.0238284
-0.024628
-0.024628
-0.025361
-0.025361
-0.0241732
-0.0241732
-0.0231312
-0.0231312
-0.0218049
-0.0224694
-0.0224694
-0.0216978
-0.0216978
-0.021271
-0.0205569
-0.0192334
-0.0192334
-0.0200914
-0.0209581
-0.0202217
-0.0196227
-0.0190344
-0.0190344
-0.01955
-0.0201886
-0.0201886
-0.0197362
-0.0197362
-0.0192038
-0.0192038
-0.0192038
-0.0187434
-0.0183117
-0.018023
-0.0175798
-0.0175798
-0.0170049
-0.0181814
-0.0178631
-0.0177072
-0.0177072
-0.0173313
-0.0173313
-0.0173254
-0.0170724
-0.0170724
-0.0170877
-0.0168026
-0.0168026
-0.0165772
-0.0163696
-0.0163696
-0.0161654
-0.0157157
-0.0147237
-0.0145163
-0.0145163
-0.0142959
-0.0143558
-0.0143558
-0.0143081
-0.014371
-0.014371
-0.0144307
-0.0141156
-0.014158
-0.013767
-0.0134425
-0.0134425
-0.0120686
-0.0120686
-0.012791
-0.0133009
-0.0135956
-0.0135956
-0.0125436
-0.0125436
-0.0110448
-0.0110096
-0.0110096
-0.0111489
-0.0111082
-0.0111082
-0.0111569
-0.0111534
-0.0111534
-0.0112498
-0.0109897
-0.0109897
-0.00968337
-0.00951047
-0.00990202
-0.00990202
-0.0102063
-0.0102063
-0.0104035
-0.0104035
-0.0105293
-0.0105694
-0.0107405
-0.0107405
-0.0111151
-0.0106531
-0.0100835
-0.0100835
-0.00958775
