0
-0.306601
-0.306781
-0.322444
-0.335147
-0.341973
-0.344266
-0.347531
-0.347531
-0.351891
-0.354582
-0.354582
-0.354582
-0.361913
-0.366951
-0.370602
-0.375068
-0.376649
-0.381159
-0.380786
-0.37627
-0.376349
-0.376349
-0.370666
-0.369553
-0.366975
-0.36327
-0.363137
-0.36204
-0.36022
-0.356481
-0.356481
-0.356481
-0.356807
-0.356807
-0.352134
-0.352134
-0.348849
-0.346814
-0.345077
-0.346268
-0.34159
-0.34159
-0.338416
-0.33675
-0.33675
-0.332145
-0.331311
-0.331311
-0.328502
-0.32784
-0.32784
-0.324954
-0.323764
-0.323764
-0.323764
-0.319419
-0.319419
-0.314621
-0.314621
-0.311241
-0.308145
-0.304267
-0.304267
-0.300821
-0.299448
-0.299448
-0.297146
-0.297146
-0.292715
-0.290146
-0.290146
-0.284131
-0.284131
-0.282293
-0.282293
-0.278342
-0.27547
-0.274156
-0.269591
-0.269591
-0.269591
-0.269646
-0.264481
-0.259829
-0.259432
-0.259432
-0.257353
-0.253632
-0.251141
-0.248911
-0.247547
-0.247547
-0.244131
-0.240304
-0.240304
-0.237818
-0.233718
-0.233718
-0.233718
-0.229338
-0.229338
-0.227773
-0.227773
-0.22634
-0.22252
-0.22252
-0.222907
-0.221558
-0.217595
-0.216506
-0.216506
-0.210195
-0.209159
-0.209159
-0.206814
-0.206814
-0.204702
-0.204702
-0.204702
-0.202026
-0.200038
-0.196269
-0.19236
-0.19236
-0.19236
-0.190005
-0.188373
-0.186049
-0.186049
-0.186049
-0.183475
-0.181597
-0.181597
-0.181597
-0.179097
-0.176671
-0.175736
-0.173162
-0.173162
-0.170531
-0.167934
-0.165202
-0.163138
-0.160492
-0.159345
-0.159345
-0.158699
-0.158699
-0.155526
-0.15157
-0.149192
-0.1478
-0.1478
-0.144276
-0.141988
-0.14134
-0.139475
-0.137554
-0.137554
-0.136892
-0.135621
-0.132586
-0.132586
-0.131704
-0.128825
-0.128542
-0.128542
-0.128542
-0.127387
-0.125008
-0.123573
-0.121681
-0.121681
-0.121103
-0.120187
-0.117571
-0.117571
-0.116002
-0.114691
-0.113833
-0.113833
-0.113833
-0.113205
-0.113205
-0.110813
-0.110813
-0.107992
-0.106686
-0.106686
-0.105969
-0.10537
-0.103068
-0.103068
-0.103068
-0.102274
-0.102274
-0.100944
-0.0994437
-0.0994437
-0.0962027
-0.0962027
-0.0948784
-0.0921132
-0.0921146
-0.0908972
-0.0908972
-0.0897966
-0.0867782
-0.0843641
-0.0828933
-0.0828933
-0.0801267
-0.0796946
-0.0796946
-0.0768875
-0.0756271
-0.0749915
-0.0754553
-0.0754553
-0.0750154
-0.073848
-0.0712907
-0.0697675
-0.0697675
-0.0697675
-0.0696013
-0.0660652
-0.0660652
-0.0657292
-0.065173
-0.0648484
-0.0632794
-0.0632794
-0.0632356
-0.0629487
-0.0629487
-0.0608987
-0.0591055
-0.0591055
-0.0591055
-0.0582532
-0.0582532
-0.0582532
-0.055643
-0.0545692
-0.0545692
-0.0534885
-0.0531391
-0.0531391
-0.052196
-0.0514537
-0.0508253
-0.0508253
-0.0490219
-0.0464679
-0.0464679
-0.0464679
-0.0443455
-0.0443977
-0.0431666
-0.0431666
-0.0424872
-0.0402199
-0.0391354
-0.039256
-0.039256
-0.0362308
-0.0362308
-0.0350147
-0.034567
-0.034567
-0.0344773
-0.0343047
-0.0343047
-0.0337137
-0.0326202
-0.0326202
-0.0321149
-0.0303677
-0.0303677
-0.0301404
-0.030051
-0.030051
-0.0293106
-0.0294035
-0.0294035
-0.0285053
-0.0284859
-0.0269294
-0.0263093
-0.0263093
-0.0261117
-0.0241764
-0.0241382
-0.0241382
-0.0241382
-0.0231955
-0.0222977
-0.022295
-0.0210439
-0.0210831
-0.0208265
-0.0195517
-0.0182346
-0.0180219
-0.0180219
-0.0180219
-0.0171748
-0.0170631
-0.0163144
-0.0169623
-0.0167466
-0.0165854
-0.0165854
-0.0164469
-0.0159927
-0.0156578
-0.0151874
-0.014789
-0.0126081
-0.0129461
-0.0129461
-0.0140215
-0.0140215
-0.0138745
-0.0131601
-0.0125831
-0.0125831
-0.013121
-0.013121
-0.0133198
-0.0120879
-0.0120879
-0.0117973
-0.0127628
-0.0126314
-0.0123677
-0.0123677
-0.0119168
-0.0119168
-0.0112253
-0.0121317
-0.0125101
-0.0125101
-0.0123646
-0.0123646
-0.0117273
-0.0114473
-0.012234
-0.012234
-0.0112045
-0.0117184
-0.0120147
-0.0102389
-0.0102389
-0.010703
-0.00932448
-0.00956097
-0.00956097
-0.00956097
-0.0093416
-0.00837581
-0.00837581
-0.00707208
-0.00707208
-0.00707208
-0.00519573
-0.00425786
-0.00425786
-0.00425786
-0.0046331
-0.00444661
-0.00337073
-0.00337073
-0.0038544
-0.00383074
-0.00383074
-0.00330037
-0.00202363
-0.00202363
-0.00202363
-0.00182526
-0.00182526
-0.00182526
-0.00123682
-0.00153244
-0.00153244
-0.00153244
-0.00184837
-0.00184837
-0.000888411
0.000892329
0.000740737
0.000567739
0.000567739
0.000567739
0.00262873
0.00287008
0.00262208
0.00188975
0.00138559
0.00142226
0.00230462
0.00230462
0.0034722
0.0034722
0.00287544
0.00404641
0.00404641
0.00385714
0.00311914
0.00380356
0.00380356
0.00380356
0.0033419
0.0033419
0.00236592
0.00201781
0.000670381
0.00096011
0.00096011
0.00096011
0.000629548
-0.000141112
-0.000998028
-0.00152773
-0.000815961
-0.000815961
-0.00117006
-0.00117006
-0.000396674
-0.000989788
-0.000989788
3.74177e-05
3.74177e-05
0.00140288
0.00140288
0.000857014
0.000553506
0.000553506
0.000444384
0.000836736
0.000836736
0.000766272
0.000735749
0.000735749
0.000960649
0.00358999
0.00358999
0.00274839
0.00221867
0.00221867
0.00155503
0.0015567
0.0015567
0.0015567
0.00106131
0.000824026
0.00127482
0.00155119
0.00259843
0.00259843
0.00259843
0.00201938
0.00201938
0.00201938
0.000926244
0.000926244
0.000926244
2.78858e-06
