-2.30236
-0.57702
-2.6467
-2.19506
-2.65193
-2.65167
-1.37601
-0.382425
-2.61018
-2.55495
-2.49997
-2.14464
-2.39102
0.502442
-0.923805
-2.19023
-2.19394
-1.75302
-2.25738
-2.0751
-1.94856
-1.10059
-2.06603
-0.434515
-1.46653
-1.20635
-1.14733
-1.02699
-0.960885
-0.745888
-0.643895
-0.547483
-0.985703
-0.250602
-0.480767
-0.0973956
-0.425909
0.148007
0.2154
0.342832
0.208155
0.462336
0.579773
0.643607
0.725791
0.767819
0.803507
0.856956
0.585464
0.907403
0.913258
0.607571
0.617946
0.904603
0.886903
0.628651
0.861113
0.781065
0.805409
0.301486
0.746342
0.704595
0.604846
0.619414
0.583949
0.525663
0.493753
0.461151
0.367394
0.36447
0.409456
0.273755
0.239073
0.183644
0.129982
-0.117308
0.0799129
-0.141131
0.0123778
-0.16641
-0.0623501
-0.0801548
-0.105517
-0.117926
-0.139977
-0.155246
-0.163236
-0.172664
-0.179958
-0.183131
-0.171209
-0.182858
-0.180309
-0.179815
-0.175776
-0.169754
-0.163443
-0.160551
-0.150263
-0.126855
-0.136709
-0.124832
-0.118925
-0.107752
-0.0987093
-0.0923439
-0.0831022
-0.0769376
-0.0671724
-0.0616032
-0.0587158
-0.0485083
-0.0453422
-0.0355467
-0.0284486
-0.0251544
-0.0220813
-0.0131471
-0.0129983
-0.00751987
-0.00520423
-0.000509232
0.00323183
0.0048076
0.00738586
0.00977045
0.0104314
0.012261
0.0128891
0.014272
0.0151719
0.0152702
0.0153748
0.0156767
0.0152369
0.0151154
0.0141867
0.0133143
0.0133435
0.0118873
0.0114218
0.00979897
0.00996713
0.00915763
0.00950313
0.00803365
0.0069534
0.00627091
0.00565189
0.00424805
0.00388098
0.00452197
0.00386004
0.00394332
0.00349044
-0.00209308
0.0020675
0.00232096
0.00166316
0.00129848
0.00158646
0.00161098
0.000716481
0.00134294
0.00167169
0.000825693
0.00173237
0.00113212
0.000950106
0.000995632
0.000662859
0.00080317
0.000130968
0.000502652
0.000563483
0.00109677
0.00154068
0.00072908
0.000163
-0.000296789
0.000328105
-0.012459
-0.00971483
0.000629334
0.000711869
0.00106478
0.000307197
0.000355805
0.000237271
0.000322594
0.000858995
0.0009207
0.00073252
0.00115633
0.000588527
0.000651691
0.000850643
0.000918042
0.0012369
0.000829912
0.000596612
0.00108524
0.000691593
0.000812596
0.000758702
0.00100587
0.000992685
0.00115478
0.00133496
0.000733797
