-0.0221965
-0.0221965
-0.0221965
-0.0221965
-0.034185
-0.034185
-0.0281481
-0.0115727
0.00690064
0.0179268
0.00429104
0.00429104
0.0285484
0.0245162
0.0241918
0.0285957
0.0250363
0.00361624
0.00361624
0.0217736
-0.00496864
0.00296867
0.00296867
-0.00345893
0.00889403
-0.0181445
-0.0181445
-0.0290707
-0.0149738
-0.0215164
-0.00310974
-0.0359666
-0.0150349
-0.031115
-0.00927244
-0.0174247
-0.011938
-0.00163223
-0.00163223
-0.0253631
0.00958163
0.000159154
0.00352876
0.00685357
0.0239934
0.00894728
0.00827532
0.0203937
0.018569
0.018569
0.0111862
0.0111862
-0.0151469
-0.0151469
0.014838
-0.00743455
-0.0111891
-0.0165726
0.00211226
-0.0150078
0.00485721
-0.0138773
0.00689178
0.0086247
-0.0237233
0.0143435
0.0162601
-0.0142535
0.00647005
0.010128
0.010128
0.012255
-0.00234301
0.0142037
-0.00469286
-0.00478024
-0.00665209
-0.00665209
0.0120955
0.0288845
0.00322515
-0.0131895
0.00102851
-0.0172159
-0.00107022
-0.0192556
-0.0213074
-0.00498799
-0.0242855
-0.0242855
-0.00524521
-0.00317472
-0.00317472
0.0179782
-0.0161297
0.0050332
0.00520946
0.00704471
0.00732326
0.00936
-0.0267613
0.0304098
0.00846443
-0.00872623
0.00688244
0.00688244
0.0259417
0.0064395
0.0064395
0.00437385
0.00431042
-0.0133473
0.00228743
-0.0155191
-0.0155191
-0.0155821
0.00155066
0.00155066
0.00108403
0.00153441
-0.0161445
-0.0142788
-0.0142788
0.00290907
-0.0130028
-0.0126173
0.0248215
-0.0124649
-0.0111062
-0.0126534
-0.0111318
0.00894957
0.00894957
0.0103856
-0.011442
-0.011442
-0.0115005
-0.0115203
-0.0105686
-0.0123865
0.00961667
-0.0121672
0.00788432
-0.0130583
0.00710113
0.00710113
-0.0131079
0.00706757
0.00859367
0.00859367
-0.0133793
0.008481
-0.0120318
-0.0104552
0.0100437
0.0100437
-0.0102333
-0.0273502
-0.0273502
0.0120576
-0.00843932
0.0118997
0.0118997
-0.00913683
-0.00913683
-0.00936172
0.0110007
0.0105508
-0.0104661
-0.00875065
0.0101694
0.0101694
-0.0114242
-0.0114372
0.00908135
0.0106763
0.0106715
-0.00981503
-0.00861712
-0.00861712
-0.00986672
-0.00823462
-0.00841756
-0.00810985
-0.00499461
-0.00501166
-0.00700183
-0.00700183
-0.0072114
0.0134034
0.0131196
-0.00781396
-0.00782891
0.0145863
0.0140085
0.0140085
-0.0059153
0.0137198
-0.00595501
-0.00597518
-0.00620386
-0.0062246
-0.0062246
0.0150543
-0.00472105
-0.00492038
0.0147836
-0.0275688
0.0157705
-0.0250301
-0.0252174
-0.00424125
-0.00550865
-0.00581837
-0.00306102
-0.0257566
0.0160786
-0.00497868
-0.00409988
-0.00409988
-0.00431936
0.0154912
0.0172773
-0.0257815
-0.0249188
-0.0249188
-0.0249358
-0.00483371
0.0161418
-0.00260909
-0.0052852
-0.00284556
-0.00286514
-0.00444969
-0.00395627
-0.00398107
-0.00420693
-0.00437575
-0.00273693
-0.00273693
-0.00273693
0.0199607
0.0192891
-0.00132486
-0.00134743
0.00032537
0.000104178
8.33577e-05
-0.0221716
0.00087932
0.000658325
0.000658325
0.000527579
0.000411904
0.000285266
-0.000642453
-0.00066427
-0.000894996
-0.00101863
0.0198546
-0.00203682
-0.00227201
-0.00240096
-0.000598881
-0.000737395
-0.00085283
0.019877
0.019877
0.000663711
0.0219389
0.00243548
0.00220254
0.00256514
0.00118475
0.0241417
0.00267198
0.00273802
0.00250075
0.00240388
0.00240388
0.025574
0.00392805
-0.0184075
0.00295713
0.00271545
0.0028652
0.00157591
0.0230679
0.00132872
-0.0202901
0.00198452
0.00173716
0.00173716
0.0232434
0.00341801
0.0252218
0.00330194
0.00305213
0.00196023
0.00198237
0.00385705
0.0036067
0.0036067
0.00335222
0.00335222
0.0269977
-0.0167539
-0.0179804
-0.0182063
0.00385171
0.0273737
0.00551888
0.0043804
0.025968
0.025968
-0.0181477
0.00377034
-0.0183805
0.00462764
0.00424514
-0.0180188
-0.0180188
0.00575019
-0.0182559
-0.0178067
0.0269876
0.00420865
0.0267094
0.0060146
-0.0163657
-0.0176721
0.0273677
-0.0177056
0.00627928
0.00627928
-0.0162107
0.00468294
-0.0175724
-0.0175724
-0.0176272
0.00654411
0.00526687
0.00526687
0.0275645
0.0278526
-0.0185971
-0.0172416
-0.0172416
0.00520207
-0.0175608
0.00710658
0.0299263
0.00638594
0.00548175
-0.0173391
-0.0173391
0.00739566
0.00740567
-0.0157877
-0.0171802
-0.0171802
-0.0150247
0.0077049
-0.0160559
-0.0170191
-0.0170191
0.0075299
0.0075299
-0.0159784
0.00632829
-0.0168558
-0.0168558
-0.0150542
0.00755222
0.00803593
0.00986498
0.00844113
0.0324671
-0.0146835
-0.0146835
0.00759984
0.00759984
0.0333326
0.00842592
0.00842592
0.00722652
0.00722652
0.00694364
-0.0150118
0.00874529
-0.0181984
0.00795238
0.00868533
0.0328
-0.0151036
0.0087426
0.00784577
0.0332695
0.00944713
-0.0148252
0.00906014
0.00758123
-0.0167569
0.00978706
0.00978706
0.00968559
0.00789166
0.00789166
-0.0165672
-0.0160424
-0.0160986
0.00820302
0.00820302
0.00789148
0.0084084
0.0074802
0.00851518
0.00851518
0.00804426
0.00804426
0.00620869
0.00604052
0.00604052
0.00570913
-0.0198394
-0.0198394
0.00249413
0.00393343
0.00393343
-0.0219697
-0.0219697
0.00271739
0.00400279
0.00504858
-0.0199888
0.00471346
0.0321304
0.0070756
-0.0423115
0.00532933
0.00532933
0.00772144
0.00772144
0.00738334
0.00738334
0.00523979
0.00523979
-0.0210137
-0.0210137
0.00343919
0.00487514
0.00445268
0.00266579
0.00230393
0.028397
0.0281502
0.0281502
3.06033e-05
-0.000323149
-0.000323149
-0.000807513
-0.00117077
0.0510218
0.0016706
-0.000108776
-0.000108776
0.00129758
0.00186372
0.00238394
-0.0235157
-0.0235157
0.000104887
-0.000260848
-0.000260848
0.0276288
0.0276288
-0.00101239
-0.00140679
0.0245283
0.0238059
-0.00205308
-0.00419094
-0.00419094
-0.00302396
-0.00442747
-0.00442747
-0.00685927
-0.00685927
0.0186654
-0.0325397
-0.00602751
-0.00427747
-0.00427747
-0.00531424
-0.00531424
-0.0325384
-0.0059109
-0.0059109
-0.00539269
0.0214997
-0.00520148
-0.00520148
-0.00647884
-0.0325359
-0.0325359
-0.00911988
-0.00911988
0.0165793
-0.0095137
-0.00941735
-0.0367563
-0.0116505
0.0140785
0.0136314
0.0136314
-0.0120577
0.0137029
0.0146442
-0.0115937
-0.0115937
0.0141988
-0.0377551
-0.013175
-0.013175
0.0400962
0.0157107
-0.0101178
-0.0105257
-0.0105257
-0.0115547
0.015322
-0.0119698
0.0143247
0.0131794
-0.0131553
-0.0131553
0.0127171
-0.0135662
-0.0142354
0.0377699
0.0377699
0.0117914
0.0113355
0.0113355
0.0102409
0.0102409
0.0099149
0.00868408
0.00868408
0.0106366
0.0377455
0.0105858
-0.0158318
-0.0158318
0.0101137
0.0101137
-0.0162418
-0.0433098
-0.0181333
0.0351307
0.00789039
0.00789039
