0
-3.33934
-3.33934
-3.33934
-3.33934
-3.33934
-3.33934
-3.33928
-3.33913
-3.3388
-3.3382
-3.33777
-3.33567
-3.33462
-3.33004
-3.32542
-3.32255
-3.31124
-3.30104
-3.28844
-3.28116
-3.25515
-3.24506
-3.21052
-3.18398
-3.16969
-3.12287
-3.08845
-3.0703
-3.01228
-2.97076
-2.9492
-2.88137
-2.83371
-2.8092
-2.75887
-2.68049
-2.62655
-2.59916
-2.51559
-2.48739
-2.43071
-2.3456
-2.31737
-2.2614
-2.17921
-2.12601
-2.09999
-2.02459
-1.9768
-1.95371
-1.88792
-1.84709
-1.8088
-1.79063
-1.74011
-1.72461
-1.69564
-1.66938
-1.64582
-1.62812
-1.61288
-1.59953
-1.58188
-1.57105
-1.56577
-1.5499
-1.54445
-1.54196
-1.538
-1.53456
-1.53054
-1.52831
-1.52076
-1.51507
-1.50893
-1.50571
-1.49556
-1.48847
-1.48119
-1.47751
-1.46637
-1.46265
-1.45524
-1.44431
-1.43722
-1.43374
-1.42696
-1.41726
-1.41417
-1.40535
-1.39986
-1.39724
-1.38987
-1.38758
-1.38119
-1.37922
-1.37551
-1.3721
-1.36899
-1.36484
-1.36241
-1.36128
-1.35921
-1.35649
-1.35569
-1.3542
-1.35287
-1.35167
-1.35058
-1.34958
-1.34864
-1.34774
-1.34644
