0
1.49706
1.49706
1.49706
1.49706
1.49693
1.49601
1.49267
1.48901
1.48416
1.47802
1.47444
1.46188
1.45716
1.44145
1.42985
1.42372
1.40393
1.38963
1.37433
1.36628
1.34037
1.33108
1.3009
1.27872
1.26695
1.22883
1.20104
1.18643
1.13981
1.10646
1.08916
1.03496
0.997098
0.977733
0.938303
0.87773
0.836863
0.816365
0.755446
0.735434
0.695993
0.639019
0.620674
0.585015
0.534068
0.501737
0.48604
0.440717
0.411864
0.397816
0.357004
0.330786
0.30523
0.292671
0.255765
0.243693
0.219858
0.196409
0.173331
0.158305
0.14728
0.136866
0.121943
0.112424
0.107821
0.0946621
0.0904623
0.0926242
0.0973975
0.100146
0.102324
0.103288
0.106275
0.108443
0.110851
0.112141
0.116338
0.119397
0.12263
0.124302
0.129531
0.131357
0.135122
0.141052
0.145201
0.147325
0.151654
0.158281
0.16052
0.167306
0.171894
0.174206
0.181184
0.183525
0.190562
0.1929
0.197546
0.202143
0.206697
0.213435
0.217869
0.220068
0.224427
0.230861
0.23297
0.23712
0.241175
0.245134
0.24902
0.252825
0.256552
0.260198
0.265491
